0.9981132075471698 1.0
0.9981132075471698 1.0
0.9981132075471698 1.0
0.9981132075471698 1.0
0.9962264150943396 1.0
0.9962264150943396 1.0
0.9962264150943396 1.0
0.9943396226415094 1.0
0.9943396226415094 1.0
0.9943396226415094 1.0
0.9905660377358491 1.0
0.9886792452830189 1.0
0.9792452830188679 1.0
0.9773584905660377 1.0
0.9735849056603774 1.0
0.9716981132075472 1.0
0.9509433962264151 1.0
0.8547169811320755 1.0
0.8 1.0
0.7320754716981132 1.0
0.7113207547169811 1.0
0.6849056603773584 1.0
0.6452830188679245 1.0
0.5830188679245283 1.0
0.5641509433962264 1.0
0.5320754716981132 1.0
0.49433962264150944 1.0
0.4641509433962264 0.8888888888888888
0.439622641509434 0.8888888888888888
0.36981132075471695 0.8888888888888888
0.34150943396226413 0.7777777777777778
0.3 0.7777777777777778
0.23962264150943396 0.7777777777777778
0.2018867924528302 0.7777777777777778
0.19056603773584907 0.7777777777777778
0.13584905660377358 0.7777777777777778
0.12830188679245283 0.7777777777777778
0.10377358490566038 0.7777777777777778
0.09811320754716982 0.7777777777777778
0.09245283018867924 0.7777777777777778
0.06792452830188679 0.7777777777777778
0.06415094339622641 0.7777777777777778
0.0509433962264151 0.7777777777777778
0.03207547169811321 0.7777777777777778
0.03018867924528302 0.7777777777777778
0.03018867924528302 0.7777777777777778
0.020754716981132074 0.7777777777777778
0.020754716981132074 0.7777777777777778
0.020754716981132074 0.7777777777777778
0.020754716981132074 0.7777777777777778
0.020754716981132074 0.7777777777777778
0.020754716981132074 0.7777777777777778
0.020754716981132074 0.7777777777777778
0.020754716981132074 0.7777777777777778
0.020754716981132074 0.7777777777777778
0.020754716981132074 0.7777777777777778
0.020754716981132074 0.7777777777777778
0.020754716981132074 0.7777777777777778
0.020754716981132074 0.7777777777777778
0.020754716981132074 0.7777777777777778
0.020754716981132074 0.7777777777777778
0.020754716981132074 0.7777777777777778
0.020754716981132074 0.7777777777777778
0.020754716981132074 0.7777777777777778
0.020754716981132074 0.7777777777777778
0.020754716981132074 0.7777777777777778
0.020754716981132074 0.7777777777777778
0.020754716981132074 0.7777777777777778
0.020754716981132074 0.7777777777777778
0.020754716981132074 0.7777777777777778
0.020754716981132074 0.7777777777777778
0.020754716981132074 0.7777777777777778
0.020754716981132074 0.7777777777777778
0.020754716981132074 0.7777777777777778
0.020754716981132074 0.7777777777777778
0.020754716981132074 0.7777777777777778
0.020754716981132074 0.7777777777777778
0.020754716981132074 0.7777777777777778
0.020754716981132074 0.7777777777777778
0.020754716981132074 0.7777777777777778
0.020754716981132074 0.7777777777777778
0.020754716981132074 0.7777777777777778
0.020754716981132074 0.7777777777777778
0.020754716981132074 0.7777777777777778
0.020754716981132074 0.7777777777777778
0.020754716981132074 0.7777777777777778
0.020754716981132074 0.7777777777777778
0.020754716981132074 0.7777777777777778
0.020754716981132074 0.7777777777777778
0.020754716981132074 0.7777777777777778
0.020754716981132074 0.7777777777777778
0.020754716981132074 0.7777777777777778
0.020754716981132074 0.7777777777777778
0.020754716981132074 0.7777777777777778
0.020754716981132074 0.7777777777777778
0.020754716981132074 0.7777777777777778
0.020754716981132074 0.7777777777777778
0.020754716981132074 0.7777777777777778
0.020754716981132074 0.7777777777777778
0.020754716981132074 0.7777777777777778
