0.9981132075471698 1.0
0.9981132075471698 1.0
0.9981132075471698 1.0
0.9981132075471698 1.0
0.9962264150943396 1.0
0.9962264150943396 1.0
0.9943396226415094 1.0
0.9830188679245283 1.0
0.9716981132075472 1.0
0.9547169811320755 1.0
0.7924528301886793 1.0
0.769811320754717 1.0
0.7264150943396226 1.0
0.7037735849056603 1.0
0.6320754716981132 1.0
0.5660377358490566 0.8888888888888888
0.4509433962264151 0.7777777777777778
0.35471698113207545 0.7777777777777778
0.2962264150943396 0.7777777777777778
0.19433962264150945 0.7777777777777778
0.14150943396226415 0.7777777777777778
0.12452830188679245 0.7777777777777778
0.11509433962264151 0.7777777777777778
0.08679245283018867 0.7777777777777778
0.03962264150943396 0.7777777777777778
0.033962264150943396 0.7777777777777778
0.02830188679245283 0.7777777777777778
0.024528301886792454 0.7777777777777778
0.022641509433962263 0.7777777777777778
0.022641509433962263 0.7777777777777778
0.020754716981132074 0.7777777777777778
0.020754716981132074 0.7777777777777778
0.020754716981132074 0.7777777777777778
0.020754716981132074 0.7777777777777778
0.020754716981132074 0.7777777777777778
0.020754716981132074 0.7777777777777778
0.020754716981132074 0.7777777777777778
0.020754716981132074 0.7777777777777778
0.020754716981132074 0.7777777777777778
0.020754716981132074 0.7777777777777778
0.020754716981132074 0.7777777777777778
0.020754716981132074 0.7777777777777778
0.020754716981132074 0.7777777777777778
0.020754716981132074 0.7777777777777778
0.020754716981132074 0.7777777777777778
0.020754716981132074 0.7777777777777778
0.020754716981132074 0.7777777777777778
0.020754716981132074 0.7777777777777778
0.020754716981132074 0.7777777777777778
0.020754716981132074 0.7777777777777778
0.020754716981132074 0.7777777777777778
0.020754716981132074 0.7777777777777778
0.020754716981132074 0.7777777777777778
0.020754716981132074 0.7777777777777778
0.020754716981132074 0.7777777777777778
0.020754716981132074 0.7777777777777778
0.020754716981132074 0.7777777777777778
0.020754716981132074 0.7777777777777778
0.020754716981132074 0.7777777777777778
0.020754716981132074 0.7777777777777778
0.020754716981132074 0.7777777777777778
0.020754716981132074 0.7777777777777778
0.020754716981132074 0.7777777777777778
0.020754716981132074 0.7777777777777778
0.020754716981132074 0.7777777777777778
0.020754716981132074 0.7777777777777778
0.020754716981132074 0.7777777777777778
0.020754716981132074 0.7777777777777778
0.020754716981132074 0.7777777777777778
0.020754716981132074 0.7777777777777778
0.020754716981132074 0.7777777777777778
0.020754716981132074 0.7777777777777778
0.020754716981132074 0.7777777777777778
0.020754716981132074 0.7777777777777778
0.020754716981132074 0.7777777777777778
0.020754716981132074 0.7777777777777778
0.020754716981132074 0.7777777777777778
0.020754716981132074 0.7777777777777778
0.020754716981132074 0.7777777777777778
0.020754716981132074 0.7777777777777778
0.020754716981132074 0.7777777777777778
0.020754716981132074 0.7777777777777778
0.020754716981132074 0.7777777777777778
0.020754716981132074 0.7777777777777778
0.020754716981132074 0.7777777777777778
0.020754716981132074 0.7777777777777778
0.020754716981132074 0.7777777777777778
0.020754716981132074 0.7777777777777778
0.020754716981132074 0.7777777777777778
0.020754716981132074 0.7777777777777778
0.020754716981132074 0.7777777777777778
0.020754716981132074 0.7777777777777778
0.020754716981132074 0.7777777777777778
0.020754716981132074 0.7777777777777778
0.020754716981132074 0.7777777777777778
0.020754716981132074 0.7777777777777778
0.020754716981132074 0.7777777777777778
0.020754716981132074 0.7777777777777778
0.020754716981132074 0.7777777777777778
0.020754716981132074 0.7777777777777778
