0.9981132075471698 1.0
0.9981132075471698 1.0
0.9981132075471698 1.0
0.9981132075471698 1.0
0.9962264150943396 1.0
0.9943396226415094 1.0
0.8433962264150944 1.0
0.6547169811320754 0.8888888888888888
0.35471698113207545 0.7777777777777778
0.19245283018867926 0.7777777777777778
0.10943396226415095 0.7777777777777778
0.05471698113207547 0.7777777777777778
0.03207547169811321 0.7777777777777778
0.022641509433962263 0.7777777777777778
0.020754716981132074 0.7777777777777778
0.020754716981132074 0.7777777777777778
0.020754716981132074 0.7777777777777778
0.020754716981132074 0.7777777777777778
0.020754716981132074 0.7777777777777778
0.020754716981132074 0.7777777777777778
0.020754716981132074 0.7777777777777778
0.020754716981132074 0.7777777777777778
0.020754716981132074 0.7777777777777778
0.020754716981132074 0.7777777777777778
0.020754716981132074 0.7777777777777778
0.020754716981132074 0.7777777777777778
0.020754716981132074 0.7777777777777778
0.020754716981132074 0.7777777777777778
0.020754716981132074 0.7777777777777778
0.020754716981132074 0.7777777777777778
0.020754716981132074 0.7777777777777778
0.020754716981132074 0.7777777777777778
0.020754716981132074 0.7777777777777778
0.020754716981132074 0.7777777777777778
0.020754716981132074 0.7777777777777778
0.020754716981132074 0.7777777777777778
0.020754716981132074 0.7777777777777778
0.020754716981132074 0.7777777777777778
0.020754716981132074 0.7777777777777778
0.020754716981132074 0.7777777777777778
0.020754716981132074 0.7777777777777778
0.020754716981132074 0.7777777777777778
0.020754716981132074 0.7777777777777778
0.020754716981132074 0.7777777777777778
0.020754716981132074 0.7777777777777778
0.020754716981132074 0.7777777777777778
0.020754716981132074 0.7777777777777778
0.020754716981132074 0.7777777777777778
0.020754716981132074 0.7777777777777778
0.020754716981132074 0.7777777777777778
0.020754716981132074 0.7777777777777778
0.020754716981132074 0.7777777777777778
0.020754716981132074 0.7777777777777778
0.020754716981132074 0.7777777777777778
0.020754716981132074 0.7777777777777778
0.020754716981132074 0.7777777777777778
0.020754716981132074 0.7777777777777778
0.020754716981132074 0.7777777777777778
0.020754716981132074 0.7777777777777778
0.020754716981132074 0.7777777777777778
0.020754716981132074 0.7777777777777778
0.020754716981132074 0.7777777777777778
0.020754716981132074 0.7777777777777778
0.020754716981132074 0.7777777777777778
0.020754716981132074 0.7777777777777778
0.020754716981132074 0.7777777777777778
0.020754716981132074 0.7777777777777778
0.020754716981132074 0.7777777777777778
0.020754716981132074 0.7777777777777778
0.020754716981132074 0.7777777777777778
0.020754716981132074 0.7777777777777778
0.020754716981132074 0.7777777777777778
0.020754716981132074 0.7777777777777778
0.020754716981132074 0.7777777777777778
0.020754716981132074 0.7777777777777778
0.020754716981132074 0.7777777777777778
0.020754716981132074 0.7777777777777778
0.020754716981132074 0.7777777777777778
0.020754716981132074 0.7777777777777778
0.020754716981132074 0.7777777777777778
0.020754716981132074 0.7777777777777778
0.020754716981132074 0.7777777777777778
0.020754716981132074 0.7777777777777778
0.020754716981132074 0.7777777777777778
0.020754716981132074 0.7777777777777778
0.020754716981132074 0.7777777777777778
0.020754716981132074 0.7777777777777778
0.020754716981132074 0.7777777777777778
0.020754716981132074 0.7777777777777778
0.020754716981132074 0.7777777777777778
0.020754716981132074 0.7777777777777778
0.020754716981132074 0.7777777777777778
0.020754716981132074 0.7777777777777778
0.020754716981132074 0.7777777777777778
0.020754716981132074 0.7777777777777778
0.020754716981132074 0.7777777777777778
0.020754716981132074 0.7777777777777778
0.020754716981132074 0.7777777777777778
0.020754716981132074 0.7777777777777778
0.020754716981132074 0.7777777777777778
