0.0 0.0 0.0 0.0 0.0 0.0 0.0 0.0 0.0 0.0 0.0 0.0 0.0 0.0 0.0 0.0 0.0 0.0 0.0 0.0 0.0 0.0 0.0 0.0 0.0 0.0 0.0 0.0 0.0 0.0 0.0 0.0 0.0 0.0 0.0 0.0 0.0 0.0 0.0 0.0 0.0 0.0 0.0 0.0 0.0 0.0 1.0 0.0 0.0 0.0 0.0 0.0 0.0 0.0 0.0 0.0 0.0 0.0 0.0 0.0 0.0 0.0 0.0 
0.0 0.3292209592459107 0.03125866370945384 0.013446077072359302 0.2613667868034378 0.0 0.0 0.10763792625450513 0.0 0.0 0.0 0.0 1.386193512614361E-4 0.0 0.0 0.0 6.930967563071805E-5 0.0 0.12919323537565844 0.0099805932908234 0.0 0.0 0.0 0.0 0.11546991960077627 0.0 0.0 0.0 0.0 0.0 0.0 0.0018713612420293874 0.0 0.0 0.0 6.930967563071805E-5 0.0 0.0 0.0 0.0 0.0 0.0 2.772387025228722E-4 0.0 0.0 0.0 0.0 0.0 0.0 0.0 0.0 0.0 0.0 0.0 0.0 0.0 0.0 0.0 0.0 0.0 0.0 0.0 0.0 
0.0 0.0050727201737475296 0.8270150564923497 0.007311671831913907 0.10893689450694258 0.0 0.0 0.009065618975572854 0.0 0.0 0.0 0.0 9.1510285756119E-6 4.575514287805949E-5 8.998511432685034E-4 5.155079430928036E-4 3.9654457160984895E-4 3.721418287415505E-4 0.006533834402986896 0.0034743405158739844 5.39910685961102E-4 0.01651455623612094 0.0 0.0 0.001241489543424681 4.27048000195222E-5 0.0 0.0 0.0 0.0 0.0 0.010792113033504965 3.3248737158056565E-4 3.0503428585372998E-6 0.0 3.0503428585372998E-6 0.0 4.4535005734644574E-4 0.0 0.0 1.464164572097904E-4 1.2201371434149199E-5 2.7453085726835698E-5 0.0 0.0 0.0 0.0 0.0 0.0 0.0 0.0 0.0 1.9217160008784987E-4 3.0503428585372998E-6 0.0 6.1006857170745995E-6 2.13524000097611E-5 0.0 0.0 0.0 2.7453085726835698E-5 0.0 0.0 
0.0 0.0010252449001088445 0.22367894385730838 0.10274217899652399 0.27045398686843863 0.0 0.0 0.0 9.128892946174643E-5 0.0828482145992065 0.0 0.0 9.831115480495769E-5 0.0 4.3537797127909836E-4 0.09319897475509989 9.339559706470981E-4 0.0 0.02455672202520979 0.012029072012920895 0.04445770864787051 9.199115199606756E-4 0.0 0.0 0.003813068361363716 7.303114356939714E-4 0.0 0.0 0.0 0.0 0.0 0.0 4.915557740247884E-5 4.213335205926758E-5 0.13473543766019452 7.022225343211264E-6 0.0 0.0 0.0 0.0 5.617780274569011E-5 7.72444787753239E-5 0.0012429338857483936 7.022225343211264E-6 0.0 0.0 0.0 0.0 0.0 0.0 4.213335205926758E-4 0.0 5.828447034865349E-4 0.0 4.2835574593588706E-4 0.0 0.0 0.0 0.0 0.0 3.3706681647414064E-4 0.0 0.0 
0.0 0.0026989796376232825 0.008170975760784701 0.22757805278602902 0.6088947420376736 6.730622537713922E-6 4.038373522628353E-4 0.0017701537274187613 4.038373522628353E-5 1.3461245075427844E-5 0.0054540477963941816 0.002117902558533981 3.5672299449883785E-4 6.506268453123457E-5 6.820364171550107E-4 0.007204009656199801 0.008332510701689834 0.0021896958656029294 0.010730855865961895 0.0048729707173048795 0.022980588884601232 4.487081691809281E-6 0.004058565390241495 0.0 0.010160996491102118 0.06517710511437572 4.262727607218817E-5 0.0 4.262727607218817E-5 3.589665353447425E-5 4.262727607218817E-5 0.0014201613554576374 2.2211054374455941E-4 3.814019438037889E-5 2.983909325053172E-4 1.6153494090513412E-4 0.0 2.7595552404627077E-4 1.5704785921332483E-5 4.038373522628353E-5 9.84914431352137E-4 6.55113927004155E-4 1.166641239870413E-4 2.2435408459046405E-6 3.724277804201703E-4 3.387746677316007E-4 0.0 0.0 3.365311268856961E-5 3.140957184266497E-5 2.2435408459046405E-6 0.0 7.919699186043381E-4 6.730622537713922E-6 8.974163383618562E-6 0.0 6.730622537713922E-6 0.0 0.0 6.730622537713922E-6 4.038373522628353E-5 0.0 0.0 
0.0 0.0 0.0 0.25 0.0 0.0 0.75 0.0 0.0 0.0 0.0 0.0 0.0 0.0 0.0 0.0 0.0 0.0 0.0 0.0 0.0 0.0 0.0 0.0 0.0 0.0 0.0 0.0 0.0 0.0 0.0 0.0 0.0 0.0 0.0 0.0 0.0 0.0 0.0 0.0 0.0 0.0 0.0 0.0 0.0 0.0 0.0 0.0 0.0 0.0 0.0 0.0 0.0 0.0 0.0 0.0 0.0 0.0 0.0 0.0 0.0 0.0 0.0 
0.0 0.0 0.0 0.09865470852017937 0.06278026905829596 0.0 0.0 0.07623318385650224 0.0 0.0 0.0 0.0 0.0 0.0 0.0 0.0 0.0 0.6547085201793722 0.0 0.02242152466367713 0.0 0.0 0.0 0.0 0.0 0.08520179372197309 0.0 0.0 0.0 0.0 0.0 0.0 0.0 0.0 0.0 0.0 0.0 0.0 0.0 0.0 0.0 0.0 0.0 0.0 0.0 0.0 0.0 0.0 0.0 0.0 0.0 0.0 0.0 0.0 0.0 0.0 0.0 0.0 0.0 0.0 0.0 0.0 0.0 
0.0 0.07897990726429675 0.04064914992272025 0.0021638330757341576 0.2622874806800618 0.0 0.0 0.029057187017001544 0.0 0.0 0.0 0.0 0.014528593508500772 0.0 0.0 0.0 0.0026275115919629057 0.0 4.636785162287481E-4 0.08315301391035548 0.0 0.485935085007728 0.0 0.0 0.0 0.0 0.0 0.0 0.0 0.0 0.0 1.545595054095827E-4 0.0 0.0 0.0 0.0 0.0 0.0 0.0 0.0 0.0 0.0 0.0 0.0 0.0 0.0 0.0 0.0 0.0 0.0 0.0 0.0 0.0 0.0 0.0 0.0 0.0 0.0 0.0 0.0 0.0 0.0 0.0 
0.0 0.0 0.0021231422505307855 0.4118895966029724 0.004246284501061571 0.0 0.0 0.0 0.0 0.0 0.0 0.0 0.01910828025477707 0.0 0.0 0.0 0.008492569002123142 0.055201698513800426 0.23142250530785563 0.0021231422505307855 0.0021231422505307855 0.0 0.0 0.0 0.16985138004246284 0.0 0.0 0.0 0.0 0.0 0.0 0.0 0.0 0.0 0.0 0.0 0.0 0.0 0.0 0.0 0.0 0.06794055201698514 0.0 0.025477707006369428 0.0 0.0 0.0 0.0 0.0 0.0 0.0 0.0 0.0 0.0 0.0 0.0 0.0 0.0 0.0 0.0 0.0 0.0 0.0 
0.0 0.0 3.169471649076099E-5 0.045196665715825174 0.33193876580773984 0.0 0.0 0.0 0.0 0.3448385154194796 0.2763462330829451 0.0 0.0 0.0 0.0 0.0 3.169471649076099E-5 0.0 0.0 3.169471649076099E-5 6.338943298152199E-5 0.0 0.0 9.825362112135907E-4 3.169471649076099E-5 0.0 0.0 0.0 0.0 0.0 0.0 0.0 2.5355773192608795E-4 9.508414947228297E-5 0.0 0.0 0.0 0.0 0.0 0.0 0.0 0.0 0.0 0.0 0.0 0.0 0.0 0.0 0.0 0.0 0.0 0.0 1.5847358245380495E-4 0.0 0.0 0.0 0.0 0.0 0.0 0.0 0.0 0.0 0.0 
0.0 0.0 0.06629252893721502 0.11513504033672396 0.012188705717292178 0.0 0.0 0.0 7.891967730620835E-4 0.7642055419151175 0.019116099614170465 0.0 1.7537706068046299E-4 0.001578393546124167 0.0 0.0 8.76885303402315E-4 0.0 0.0 0.0018414591371448614 7.891967730620835E-4 0.0056120659417748155 0.0 0.0 0.009558049807085233 0.0 0.0 0.0 0.0 0.0 0.0 0.0 0.0 8.768853034023149E-5 0.0 0.0 0.0 0.0 0.0 0.0 0.0 8.768853034023149E-5 0.0 0.0 0.0 0.0 0.0 0.0 0.0 0.0 0.0 0.0 0.0014907050157839355 0.0 0.0 1.7537706068046299E-4 0.0 0.0 0.0 0.0 0.0 0.0 0.0 
0.0 0.0 0.0 0.0 0.0 0.0 0.0 0.0 0.005423728813559322 0.0 0.0 0.3593220338983051 0.11389830508474576 0.16474576271186442 0.0 0.0 0.0 0.0 0.0 0.3566101694915254 0.0 0.0 0.0 0.0 0.0 0.0 0.0 0.0 0.0 0.0 0.0 0.0 0.0 0.0 0.0 0.0 0.0 0.0 0.0 0.0 0.0 0.0 0.0 0.0 0.0 0.0 0.0 0.0 0.0 0.0 0.0 0.0 0.0 0.0 0.0 0.0 0.0 0.0 0.0 0.0 0.0 0.0 0.0 
0.0 0.0 0.00663716814159292 0.024336283185840708 0.5199115044247787 0.0 0.0 0.0 0.059734513274336286 0.0 0.0 0.0 0.0 0.31194690265486724 0.0 0.024336283185840708 0.022123893805309734 0.0 0.00663716814159292 0.0 0.0 0.0 0.0 0.0 0.017699115044247787 0.0022123893805309734 0.0 0.0 0.0 0.0 0.0 0.0 0.0 0.0 0.0 0.0 0.0 0.0 0.0 0.0 0.0 0.0 0.0 0.0 0.0 0.0 0.0 0.0 0.0 0.0 0.0 0.0 0.0 0.0 0.0 0.0 0.0 0.004424778761061947 0.0 0.0 0.0 0.0 0.0 
0.0 0.0 0.0 0.036525974025974024 0.011363636363636364 0.0 0.0 0.0 0.19724025974025974 0.0 0.0 0.0 0.0 0.2508116883116883 0.12012987012987013 0.11444805194805195 0.0633116883116883 0.0 0.0 0.19724025974025974 0.0 0.0 0.0 0.0 0.0 0.0 0.0 0.0 0.0 0.0 0.0 0.0 0.0 0.0 0.0 0.0 0.0 0.0 0.0 0.0 0.0 0.0 0.0 0.0 0.0 0.0 0.0 0.0 0.0 0.0 0.0 0.0 0.0 0.0 0.0 0.0 0.0 0.0 0.0 0.008928571428571428 0.0 0.0 0.0 
0.0 0.0 0.22473246135552913 0.26634958382877527 0.27705112960760997 0.0 0.0 0.0 0.0 0.0 0.0011890606420927466 0.0 0.0 0.18549346016646848 0.030915576694411414 0.0 0.0 0.0 0.0 0.007134363852556481 0.0 0.0 0.0 0.0 0.0 0.0 0.0 0.0 0.0 0.0 0.0 0.0 0.007134363852556481 0.0 0.0 0.0 0.0 0.0 0.0 0.0 0.0 0.0 0.0 0.0 0.0 0.0 0.0 0.0 0.0 0.0 0.0 0.0 0.0 0.0 0.0 0.0 0.0 0.0 0.0 0.0 0.0 0.0 0.0 
0.0 0.0 3.671611102951975E-5 0.006278454986047878 0.0038919077691290938 0.0 0.0 4.7730944338375677E-4 0.0 0.0 0.0 0.0 0.0 0.0 0.0 0.044132765457482744 0.007379938316933471 3.671611102951975E-5 0.0 0.003598178880892936 0.9235937729475694 0.0 0.0 0.0 5.140255544132766E-4 3.671611102951975E-5 0.0 0.0 0.0 0.0 0.0 0.0 1.46864444118079E-4 0.0 0.0 0.0 0.0 0.0 0.0 1.1014833308855926E-4 0.0 0.0 0.0 0.0 0.0 0.0 0.0 0.0 0.0 0.0 0.0015053605522103099 0.0 0.006168306652959319 0.0 0.0 0.0 0.0 0.002092818328682626 0.0 0.0 0.0 0.0 0.0 
0.0 0.0 0.010066928480557553 0.012279440234526246 0.002378450135516345 0.0 0.0 0.03324298910337961 5.531279384921732E-5 0.0 0.0 0.0 0.0 0.0 0.0 1.1062558769843464E-4 0.060844073234139054 0.0 8.850047015874771E-4 0.8529232811549311 0.00951380054206538 0.0 0.0 0.0 0.004590961889485038 3.3187676309530395E-4 5.531279384921732E-5 0.0 0.0 0.0 0.0 5.531279384921732E-5 0.0012721942585319985 0.0 0.0 0.006084407323413906 0.0 1.1062558769843464E-4 0.0 0.0 8.296919077382599E-4 5.531279384921732E-5 0.0 0.0 0.0 0.0 0.0 0.0 5.531279384921732E-5 0.0 0.0 0.0 0.0 0.0014934454339288678 0.0 0.0027656396924608663 0.0 0.0 0.0 0.0 0.0 0.0 0.0 
0.0 0.0 0.001199040767386091 0.8171462829736211 0.07913669064748201 0.0 0.0 0.0 0.0 0.0017985611510791368 0.001199040767386091 0.0 0.0 0.0 0.0 0.0 0.0 0.09952038369304557 0.0 0.0 0.0 0.0 0.0 0.0 0.0 0.0 0.0 0.0 0.0 0.0 0.0 0.0 0.0 0.0 0.0 0.0 0.0 0.0 0.0 0.0 0.0 0.0 0.0 0.0 0.0 0.0 0.0 0.0 0.0 0.0 0.0 0.0 0.0 0.0 0.0 0.0 0.0 0.0 0.0 0.0 0.0 0.0 0.0 
0.0 0.11570009242144177 0.08358364140480591 0.03887476894639556 0.5077402957486137 0.0 0.0 0.0 0.0 0.0 0.0 0.0 0.0 0.0 0.0 0.0 1.155268022181146E-4 0.0 0.09005314232902033 0.006931608133086876 0.0 6.931608133086876E-4 0.0 0.0 0.004852125693160813 9.819778188539742E-4 0.0 0.0 0.0 0.0 0.0 0.05054297597042514 0.0011552680221811461 0.0 0.0 0.020621534195933457 0.0 0.0 0.0 0.0 0.0 1.732902033271719E-4 0.0 0.0 0.0 0.0 0.0 0.0 0.0 0.0 0.0 0.07798059149722736 0.0 0.0 0.0 0.0 0.0 0.0 0.0 0.0 0.0 0.0 0.0 
0.0 0.0021525307184071273 0.006442644025232444 0.0631259529432868 0.01729498639720171 0.0 0.0 9.865765792699333E-4 5.9792519955753535E-5 5.9792519955753535E-5 0.0 0.0 0.0 0.003632395587312027 0.0 3.4380698974558285E-4 0.18552124129271427 0.0 0.0 0.5939340488504888 0.005530808095907202 0.0 0.0 0.0 0.004753505336482406 8.071990194026727E-4 0.0 2.840144697898293E-4 0.0 0.0 0.0 0.0 1.644294298783222E-4 0.04925408831355198 0.001599449908816407 4.932882896349667E-4 0.0 0.0 0.0 0.0 0.007982301414093097 0.004499387126670453 0.0017339830787168526 1.1958503991150707E-4 0.0 0.0 0.0 0.0 8.96887799336303E-5 0.0 1.3453316990044546E-4 0.0 2.9896259977876768E-5 1.4948129988938384E-5 0.0 3.587551197345212E-4 0.0 0.0482525636042931 1.1958503991150707E-4 0.0 0.0 7.474064994469192E-5 1.4948129988938383E-4 
0.0 0.0 5.312170876369616E-5 0.030745921176622754 0.04389700855490475 0.0 0.0 0.0 6.928918534395151E-6 0.0 0.0 0.0 0.0 0.0 0.0 0.021117034053324955 3.926387169490586E-5 0.0 0.0 4.596182627815451E-4 0.8796077308253728 0.0 0.0 0.0 0.0 1.732229633598788E-4 2.3096395114650505E-6 0.0 0.0 0.0 0.0 0.0 0.0 3.764712403688032E-4 0.0 6.928918534395151E-6 0.0 4.619279022930101E-6 0.0 0.0 0.004642375418044751 0.0 0.0 0.0 2.3096395114650505E-6 0.0 0.0 0.0 4.619279022930101E-6 0.0 0.018678054729217863 0.0 0.0 0.0 1.732229633598788E-4 9.238558045860202E-6 0.0 0.0 0.0 0.0 0.0 0.0 0.0 
0.0 0.0 0.9675478186116484 0.0049430474962389856 0.01053084031807436 0.0 0.0 0.006769825918762089 1.074575542660649E-4 0.0 0.0 0.0 0.0 0.0 0.0 0.0 0.0 0.0 0.0 0.0 0.0 0.008166774124220932 0.0 0.0 0.0019342359767891683 0.0 0.0 0.0 0.0 0.0 0.0 0.0 0.0 0.0 0.0 0.0 0.0 0.0 0.0 0.0 0.0 0.0 0.0 0.0 0.0 0.0 0.0 0.0 0.0 0.0 0.0 0.0 0.0 0.0 0.0 0.0 0.0 0.0 0.0 0.0 0.0 0.0 0.0 
0.0 0.0 0.0 0.0 1.0 0.0 0.0 0.0 0.0 0.0 0.0 0.0 0.0 0.0 0.0 0.0 0.0 0.0 0.0 0.0 0.0 0.0 0.0 0.0 0.0 0.0 0.0 0.0 0.0 0.0 0.0 0.0 0.0 0.0 0.0 0.0 0.0 0.0 0.0 0.0 0.0 0.0 0.0 0.0 0.0 0.0 0.0 0.0 0.0 0.0 0.0 0.0 0.0 0.0 0.0 0.0 0.0 0.0 0.0 0.0 0.0 0.0 0.0 
0.0 0.0 0.0 0.0 0.16129032258064516 0.0 0.0 0.0 0.0 0.4838709677419355 0.3548387096774194 0.0 0.0 0.0 0.0 0.0 0.0 0.0 0.0 0.0 0.0 0.0 0.0 0.0 0.0 0.0 0.0 0.0 0.0 0.0 0.0 0.0 0.0 0.0 0.0 0.0 0.0 0.0 0.0 0.0 0.0 0.0 0.0 0.0 0.0 0.0 0.0 0.0 0.0 0.0 0.0 0.0 0.0 0.0 0.0 0.0 0.0 0.0 0.0 0.0 0.0 0.0 0.0 
0.0 0.0 0.8800935614920595 0.003570109565431491 0.02388280192047273 0.0 0.0 0.0023390373014895976 0.0 0.004185645697402438 0.0 0.0 0.0 0.0 7.38643358365136E-4 0.0 0.01477286716730272 0.0 0.04690385325618614 0.0016003939431244614 0.0 0.0 0.0 0.0 0.019820263449464484 0.0 0.0 0.0 0.0 0.0 0.0 0.0 9.848578111535148E-4 0.0 0.0 0.0 0.0 0.0 0.0 0.0 0.0 0.0 0.0 0.0 0.0 0.0 0.0 0.0011079650375477041 0.0 0.0 0.0 0.0 0.0 0.0 0.0 0.0 0.0 0.0 0.0 0.0 0.0 0.0 0.0 
0.0 0.0 0.002823225279771421 0.002653151467736998 0.9788088030205109 0.0 0.0 0.0 0.0 0.0 0.0 0.0 0.0 0.0 0.0 0.0 0.0 0.0 0.004762066736963842 0.0 0.0 0.0 0.0 0.0 0.0 0.001564679070716691 0.0 0.0 0.0 0.0 0.0 0.002210959556447498 0.0 2.721180992550767E-4 0.006802952481376918 0.0 0.0 0.0 0.0 0.0 0.0 0.0 0.0 0.0 0.0 0.0 0.0 0.0 1.0204428722065377E-4 0.0 0.0 0.0 0.0 0.0 0.0 0.0 0.0 0.0 0.0 0.0 0.0 0.0 0.0 
0.0 0.0 0.3972602739726027 0.1917808219178082 0.136986301369863 0.0 0.0 0.0 0.0 0.0 0.0 0.0 0.0 0.0 0.0 0.0 0.0 0.0 0.0 0.2602739726027397 0.0 0.0 0.0 0.0 0.0 0.0 0.0 0.0 0.0 0.0 0.0 0.0 0.0 0.0 0.0 0.0 0.0 0.0 0.0 0.0 0.0 0.0 0.0 0.0 0.0 0.0 0.0 0.0 0.0136986301369863 0.0 0.0 0.0 0.0 0.0 0.0 0.0 0.0 0.0 0.0 0.0 0.0 0.0 0.0 
0.0 0.0 0.7894736842105263 0.20526315789473684 0.005263157894736842 0.0 0.0 0.0 0.0 0.0 0.0 0.0 0.0 0.0 0.0 0.0 0.0 0.0 0.0 0.0 0.0 0.0 0.0 0.0 0.0 0.0 0.0 0.0 0.0 0.0 0.0 0.0 0.0 0.0 0.0 0.0 0.0 0.0 0.0 0.0 0.0 0.0 0.0 0.0 0.0 0.0 0.0 0.0 0.0 0.0 0.0 0.0 0.0 0.0 0.0 0.0 0.0 0.0 0.0 0.0 0.0 0.0 0.0 
0.0 0.0 0.0 0.0 0.0 0.0 0.0 0.0 0.0 0.0 0.0 0.0 0.0 0.0 0.0 0.0 0.0 0.0 0.0 0.5 0.0 0.0 0.0 0.0 0.0 0.0 0.0 0.0 0.5 0.0 0.0 0.0 0.0 0.0 0.0 0.0 0.0 0.0 0.0 0.0 0.0 0.0 0.0 0.0 0.0 0.0 0.0 0.0 0.0 0.0 0.0 0.0 0.0 0.0 0.0 0.0 0.0 0.0 0.0 0.0 0.0 0.0 0.0 
0.0 0.0 0.0 1.0 0.0 0.0 0.0 0.0 0.0 0.0 0.0 0.0 0.0 0.0 0.0 0.0 0.0 0.0 0.0 0.0 0.0 0.0 0.0 0.0 0.0 0.0 0.0 0.0 0.0 0.0 0.0 0.0 0.0 0.0 0.0 0.0 0.0 0.0 0.0 0.0 0.0 0.0 0.0 0.0 0.0 0.0 0.0 0.0 0.0 0.0 0.0 0.0 0.0 0.0 0.0 0.0 0.0 0.0 0.0 0.0 0.0 0.0 0.0 
0.0 0.0 0.0 0.0 0.0 0.0 1.0 0.0 0.0 0.0 0.0 0.0 0.0 0.0 0.0 0.0 0.0 0.0 0.0 0.0 0.0 0.0 0.0 0.0 0.0 0.0 0.0 0.0 0.0 0.0 0.0 0.0 0.0 0.0 0.0 0.0 0.0 0.0 0.0 0.0 0.0 0.0 0.0 0.0 0.0 0.0 0.0 0.0 0.0 0.0 0.0 0.0 0.0 0.0 0.0 0.0 0.0 0.0 0.0 0.0 0.0 0.0 0.0 
0.0 0.14942189214279686 3.7977888429403323E-4 0.003544602920077644 0.0017301038062283738 0.0 0.0 0.0 0.0 0.0 0.0 0.0 0.0 0.0 0.0 0.0 0.0 0.0 0.05857034348890202 0.0 0.003249219343404507 0.0 0.0 0.0 0.0 0.0 0.0 0.0 0.0 0.0 0.0 0.7831040594142966 0.0 0.0 0.0 0.0 0.0 0.0 0.0 0.0 0.0 0.0 0.0 0.0 0.0 0.0 0.0 0.0 0.0 0.0 0.0 0.0 0.0 0.0 0.0 0.0 0.0 0.0 0.0 0.0 0.0 0.0 0.0 
0.0 0.0 0.02 0.0 0.03666666666666667 0.0 0.0 0.6866666666666666 0.0 0.0 0.0 0.0 0.0 0.0 0.0 0.0 0.0 0.0 0.0 0.0 0.0 0.0 0.0 0.0 0.02666666666666667 0.0 0.0 0.0 0.0 0.0 0.0 0.0 0.0 0.0 0.23 0.0 0.0 0.0 0.0 0.0 0.0 0.0 0.0 0.0 0.0 0.0 0.0 0.0 0.0 0.0 0.0 0.0 0.0 0.0 0.0 0.0 0.0 0.0 0.0 0.0 0.0 0.0 0.0 
0.0 0.0 0.006558311947533505 2.8514399771884804E-4 0.06301682349586542 0.0 0.0 0.0 0.0 0.0 0.0 0.0 0.0 0.0 0.0 0.0 0.0 0.0 0.009124607927003137 0.00142571998859424 0.0 0.0 0.0 0.0 0.0 0.0 0.0 0.0 0.0 0.0 0.0 0.0 0.0 0.0 0.0 0.0 0.0 0.0 0.0 0.0 0.0 0.0 0.0 0.0 0.0 0.0 0.0 0.0 2.8514399771884804E-4 0.0 0.0 0.0 0.0 0.919304248645566 0.0 0.0 0.0 0.0 0.0 0.0 0.0 0.0 0.0 
0.0 0.0 0.0 1.00203747620161E-4 0.6535956444771035 0.0 0.0 0.0 0.0 0.0 0.0 0.0 0.0 0.0 0.0 0.0 0.0 0.0 0.0 0.003740939911152677 3.340124920672033E-5 0.0 0.0 0.0 0.0 1.6700624603360165E-4 0.0 0.0 0.0 0.0 0.0 0.0 3.340124920672033E-5 0.0 0.3423294031196767 0.0 0.0 0.0 0.0 0.0 0.0 0.0 0.0 0.0 0.0 0.0 0.0 0.0 0.0 0.0 0.0 0.0 0.0 0.0 0.0 0.0 0.0 0.0 0.0 0.0 0.0 0.0 0.0 
0.0 0.0 0.33678756476683935 0.0017271157167530224 0.0017271157167530224 0.0 0.0 0.0 0.0 0.0 0.0 0.0 0.0 0.0 0.0 0.0 0.0 0.0 0.4075993091537133 0.0017271157167530224 0.0 0.0 0.0 0.0 0.055267702936096716 0.0 0.0 0.0 0.0 0.0 0.0 0.0 0.0 0.0 0.0 0.0 0.18998272884283246 0.0 0.0 0.0 0.0 0.0 0.0 0.0 0.0 0.0 0.0 0.0 0.0051813471502590676 0.0 0.0 0.0 0.0 0.0 0.0 0.0 0.0 0.0 0.0 0.0 0.0 0.0 0.0 
0.0 0.0 0.0 0.0 1.0 0.0 0.0 0.0 0.0 0.0 0.0 0.0 0.0 0.0 0.0 0.0 0.0 0.0 0.0 0.0 0.0 0.0 0.0 0.0 0.0 0.0 0.0 0.0 0.0 0.0 0.0 0.0 0.0 0.0 0.0 0.0 0.0 0.0 0.0 0.0 0.0 0.0 0.0 0.0 0.0 0.0 0.0 0.0 0.0 0.0 0.0 0.0 0.0 0.0 0.0 0.0 0.0 0.0 0.0 0.0 0.0 0.0 0.0 
0.0 0.0 0.0 0.015625 0.7875 0.0 0.0 0.0 0.0 0.0 0.0 0.0 0.0 0.0 0.0 0.0 0.021875 0.0 0.0 0.01875 0.084375 0.0 0.0 0.0 0.0 0.0 0.0 0.0 0.0 0.0 0.0 0.0 0.0 0.0 0.0 0.0 0.0 0.0375 0.0 0.0 0.025 0.0 0.0 0.0 0.0 0.0 0.0 0.0 0.0 0.0 0.0 0.0 0.0 0.0 0.0 0.0 0.0 0.0 0.0 0.0 0.0 0.009375 0.0 
0.0 0.0 0.0 0.0 0.0 0.0 1.0 0.0 0.0 0.0 0.0 0.0 0.0 0.0 0.0 0.0 0.0 0.0 0.0 0.0 0.0 0.0 0.0 0.0 0.0 0.0 0.0 0.0 0.0 0.0 0.0 0.0 0.0 0.0 0.0 0.0 0.0 0.0 0.0 0.0 0.0 0.0 0.0 0.0 0.0 0.0 0.0 0.0 0.0 0.0 0.0 0.0 0.0 0.0 0.0 0.0 0.0 0.0 0.0 0.0 0.0 0.0 0.0 
0.0 0.0 0.0 0.0 0.14285714285714285 0.0 0.0 0.0 0.0 0.0 0.0 0.0 0.0 0.0 0.0 0.0 0.0 0.0 0.0 0.0 0.0 0.0 0.0 0.0 0.0 0.0 0.0 0.8571428571428571 0.0 0.0 0.0 0.0 0.0 0.0 0.0 0.0 0.0 0.0 0.0 0.0 0.0 0.0 0.0 0.0 0.0 0.0 0.0 0.0 0.0 0.0 0.0 0.0 0.0 0.0 0.0 0.0 0.0 0.0 0.0 0.0 0.0 0.0 0.0 
0.0 0.0 0.007169576059850374 0.0024937655860349127 0.15991271820448877 0.0 0.0 6.234413965087282E-4 6.234413965087282E-4 0.0 0.0 0.0 0.0 0.024314214463840397 0.0 3.117206982543641E-4 0.010910224438902744 0.0 3.117206982543641E-4 0.17768079800498754 0.5268079800498753 0.0 0.0 0.0 0.01683291770573566 0.0 0.0 0.0 0.0 0.0 0.0 0.0 6.234413965087282E-4 0.0 0.0 0.0 0.0 0.0 0.0 0.0 0.03771820448877806 0.0 0.0 0.017144638403990026 0.0 0.0 0.0 0.0 0.010910224438902744 0.0 0.0 0.0 0.0 0.0 0.005610972568578554 0.0 0.0 0.0 0.0 0.0 0.0 0.0 0.0 
0.0 0.0 0.21085271317829457 0.07596899224806201 0.10542635658914729 0.0 0.0 0.0 0.0 0.0 0.0 0.0 0.0 0.0 0.0 0.0 0.0 0.0 0.14573643410852713 0.0031007751937984496 0.0 0.0 0.0 0.0 0.0 0.0 0.05426356589147287 0.0 0.0 0.0 0.0 0.0 0.0 0.0 0.0 0.0 0.0 0.0 0.0 0.0 0.0 0.0 0.0 0.0 0.0 0.0 0.0 0.0 0.0 0.0 0.0 0.0 0.0 0.0 0.0 0.0 0.0 0.0 0.0 0.0 0.0 0.0 0.4046511627906977 
0.0 0.0 0.05307262569832402 0.09217877094972067 0.00558659217877095 0.0 0.0 0.0 0.0 0.0 0.0 0.0 0.0 0.0 0.0 0.0 0.002793296089385475 0.0 0.0223463687150838 0.01675977653631285 0.0 0.0 0.0 0.0 0.0 0.0 0.0 0.0 0.0 0.0 0.0 0.0 0.0 0.0 0.0 0.0 0.0 0.0 0.0 0.0 0.0 0.0 0.0 0.0 0.0 0.0 0.0 0.0 0.4888268156424581 0.0 0.0 0.0 0.0 0.0 0.0 0.0 0.0 0.0 0.0 0.0 0.0 0.0 0.31843575418994413 
0.0 0.0 0.5512820512820513 0.11538461538461539 0.0 0.0 0.0 0.0 0.0 0.01282051282051282 0.0 0.0 0.0 0.0 0.0 0.0 0.0 0.0 0.0 0.0 0.0 0.0 0.0 0.0 0.0 0.0 0.0 0.0 0.0 0.0 0.0 0.0 0.0 0.0 0.0 0.0 0.0 0.0 0.0 0.0 0.3076923076923077 0.0 0.0 0.01282051282051282 0.0 0.0 0.0 0.0 0.0 0.0 0.0 0.0 0.0 0.0 0.0 0.0 0.0 0.0 0.0 0.0 0.0 0.0 0.0 
0.0 0.0 0.0 0.0 0.005988023952095809 0.0 0.0 0.0 0.0 0.0 0.0 0.0 0.0 0.0 0.0 0.0 0.0 0.0 0.0 0.0 0.9880239520958084 0.0 0.0 0.0 0.0 0.0 0.0 0.0 0.0 0.0 0.0 0.0 0.0 0.0 0.0 0.0 0.0 0.0 0.0 0.0 0.005988023952095809 0.0 0.0 0.0 0.0 0.0 0.0 0.0 0.0 0.0 0.0 0.0 0.0 0.0 0.0 0.0 0.0 0.0 0.0 0.0 0.0 0.0 0.0 
0.0 0.0 0.0 0.0 0.0 0.0 0.0 0.0 0.0 0.0 0.0 0.0 0.0 0.0 0.0 0.0 0.0 0.0 0.0 0.0 0.0 0.0 0.0 0.0 0.0 0.0 0.0 1.0 0.0 0.0 0.0 0.0 0.0 0.0 0.0 0.0 0.0 0.0 0.0 0.0 0.0 0.0 0.0 0.0 0.0 0.0 0.0 0.0 0.0 0.0 0.0 0.0 0.0 0.0 0.0 0.0 0.0 0.0 0.0 0.0 0.0 0.0 0.0 
0.0 0.0 0.0 0.0 0.0 0.0 0.0 0.0 0.0 0.0 0.0 0.0 0.0 0.0 0.0 0.0 0.0 0.0 0.0 0.0 0.0 0.0 0.0 0.0 0.0 0.0 0.0 0.0 0.0 0.0 0.0 0.0 0.0 0.0 0.0 0.0 0.0 0.0 0.0 0.0 0.0 0.0 0.0 0.0 0.0 0.0 1.0 0.0 0.0 0.0 0.0 0.0 0.0 0.0 0.0 0.0 0.0 0.0 0.0 0.0 0.0 0.0 0.0 
0.0 0.0 1.0 0.0 0.0 0.0 0.0 0.0 0.0 0.0 0.0 0.0 0.0 0.0 0.0 0.0 0.0 0.0 0.0 0.0 0.0 0.0 0.0 0.0 0.0 0.0 0.0 0.0 0.0 0.0 0.0 0.0 0.0 0.0 0.0 0.0 0.0 0.0 0.0 0.0 0.0 0.0 0.0 0.0 0.0 0.0 0.0 0.0 0.0 0.0 0.0 0.0 0.0 0.0 0.0 0.0 0.0 0.0 0.0 0.0 0.0 0.0 0.0 
0.0 0.0 0.7379032258064516 0.0 0.04838709677419355 0.0 0.0 0.0 0.0 0.0 0.0 0.0 0.0 0.0 0.0 0.0 0.0 0.0 0.0 0.0 0.0 0.0 0.0 0.0 0.0 0.0 0.06854838709677419 0.0 0.0 0.0 0.0 0.0 0.0 0.0 0.0 0.0 0.0 0.14112903225806453 0.0 0.0 0.004032258064516129 0.0 0.0 0.0 0.0 0.0 0.0 0.0 0.0 0.0 0.0 0.0 0.0 0.0 0.0 0.0 0.0 0.0 0.0 0.0 0.0 0.0 0.0 
0.0 0.0 0.0 0.0 0.0 0.0 0.45161290322580644 0.0 0.0 0.0 0.0 0.0 0.0 0.0 0.0 0.0 0.0 0.0 0.0 0.0 0.0 0.0 0.0 0.0 0.0 0.0 0.0 0.0 0.0 0.1935483870967742 0.0 0.0 0.0 0.0 0.0 0.0 0.0 0.0 0.0 0.0 0.0 0.0 0.0 0.0 0.0 0.0 0.0 0.0 0.0 0.3548387096774194 0.0 0.0 0.0 0.0 0.0 0.0 0.0 0.0 0.0 0.0 0.0 0.0 0.0 
0.0 0.0 1.2181751735899622E-4 0.0 0.05847240833231819 0.0 0.0 0.0 0.0 0.0 0.0 0.0 0.0 0.0 0.0 0.0 0.0 0.0 0.0 0.01230356925325862 0.9277622122061152 0.0 0.0 0.0 0.0 0.0 0.0 0.0 0.0 0.0 0.0 0.0 0.0 0.0 0.0 0.0 0.0 0.0 0.0 0.0 0.0 0.0 0.0 0.0 0.0 0.0 0.0 0.0 0.0 0.0 0.0013399926909489586 0.0 0.0 0.0 0.0 0.0 0.0 0.0 0.0 0.0 0.0 0.0 0.0 
0.0 0.34296296296296297 0.0 0.0 0.0 0.0 0.0 0.0 0.0 0.0 0.0 0.0 0.0 0.0 0.0 0.0 0.0 0.0 0.6570370370370371 0.0 0.0 0.0 0.0 0.0 0.0 0.0 0.0 0.0 0.0 0.0 0.0 0.0 0.0 0.0 0.0 0.0 0.0 0.0 0.0 0.0 0.0 0.0 0.0 0.0 0.0 0.0 0.0 0.0 0.0 0.0 0.0 0.0 0.0 0.0 0.0 0.0 0.0 0.0 0.0 0.0 0.0 0.0 0.0 
0.0 0.0 0.0 0.0 0.0 0.0 0.0 0.0 0.0 0.0 0.0 0.0 0.0 0.0 0.0 0.0 0.0 0.0 0.0 1.0 0.0 0.0 0.0 0.0 0.0 0.0 0.0 0.0 0.0 0.0 0.0 0.0 0.0 0.0 0.0 0.0 0.0 0.0 0.0 0.0 0.0 0.0 0.0 0.0 0.0 0.0 0.0 0.0 0.0 0.0 0.0 0.0 0.0 0.0 0.0 0.0 0.0 0.0 0.0 0.0 0.0 0.0 0.0 
0.0 0.0 0.0 0.0 0.9772796122387155 0.0 0.0 0.0 0.0 0.0 0.0 0.0 0.0 0.0 0.0 0.0 0.008179339594062406 0.0 0.0 0.0 0.008179339594062406 0.0 0.0 0.0 0.0 0.0 0.0 0.0 0.0 0.0 0.0 0.0 0.0 0.0 0.0 0.0 0.0 0.0 0.0 0.0 6.058770069675856E-4 0.0 0.0 0.0 0.0 0.0 0.0 0.0 3.029385034837928E-4 0.0 0.0 0.0 0.0 0.00545289306270827 0.0 0.0 0.0 0.0 0.0 0.0 0.0 0.0 0.0 
0.0 0.0 0.0 0.0 0.5123456790123457 0.0 0.0 0.0 0.0 0.0 0.0 0.0 0.0 0.0 0.0 0.3765432098765432 0.0 0.0 0.0 0.0 0.08641975308641975 0.0 0.0 0.0 0.0 0.0 0.0 0.0 0.0 0.0 0.0 0.0 0.0 0.0 0.0 0.0 0.0 0.0 0.0 0.0 0.0 0.0 0.0 0.0 0.0 0.0 0.0 0.0 0.0 0.0 0.0 0.0 0.0 0.0 0.0 0.0 0.0 0.024691358024691357 0.0 0.0 0.0 0.0 0.0 
0.0 0.0 0.0 0.0 0.022222222222222223 0.0 0.0 0.0 0.0 0.0 0.0 0.0 0.0 0.0 0.0 0.0 0.24444444444444444 0.0 0.0 0.2777777777777778 0.0 0.0 0.0 0.0 0.0 0.0 0.0 0.0 0.0 0.0 0.0 0.0 0.0 0.0 0.0 0.0 0.0 0.0 0.0 0.0 0.0 0.0 0.0 0.0 0.0 0.0 0.0 0.0 0.05555555555555555 0.0 0.0 0.0 0.0 0.3 0.0 0.08888888888888889 0.0 0.011111111111111112 0.0 0.0 0.0 0.0 0.0 
0.0 0.0 0.05 0.0 0.11666666666666667 0.0 0.0 0.0 0.0 0.0 0.0 0.0 0.0 0.0 0.0 0.0 0.0 0.0 0.0 0.0 0.0 0.0 0.0 0.0 0.0 0.0 0.0 0.0 0.0 0.0 0.0 0.0 0.0 0.0 0.0 0.0 0.0 0.0 0.0 0.0 0.0 0.0 0.0 0.0 0.0 0.0 0.0 0.0 0.0 0.0 0.0 0.0 0.0 0.0 0.0 0.0 0.8333333333333334 0.0 0.0 0.0 0.0 0.0 0.0 
0.0 0.0 0.0 0.0 0.003037667071688943 0.0 0.0 0.0 0.0 0.0 0.0 0.0 0.0 0.0 0.0 0.0 0.0 0.0 0.0 0.9796476306196841 0.01488456865127582 0.0 0.0 0.0 0.0 0.0 0.0 0.0 0.0 0.0 0.0 0.0 0.0 0.0 0.0 0.0 0.0 0.0 0.0 0.0 0.0 0.0 0.0 0.0 0.0 0.0 0.0 0.0 0.0 0.0 0.0 0.0 0.0 0.0 0.001215066828675577 0.0 0.0 0.0 0.001215066828675577 0.0 0.0 0.0 0.0 
0.0 0.0 0.0 0.0 0.16666666666666666 0.0 0.0 0.0 0.0 0.0 0.0 0.0 0.0 0.0 0.0 0.0 0.3333333333333333 0.0 0.0 0.5 0.0 0.0 0.0 0.0 0.0 0.0 0.0 0.0 0.0 0.0 0.0 0.0 0.0 0.0 0.0 0.0 0.0 0.0 0.0 0.0 0.0 0.0 0.0 0.0 0.0 0.0 0.0 0.0 0.0 0.0 0.0 0.0 0.0 0.0 0.0 0.0 0.0 0.0 0.0 0.0 0.0 0.0 0.0 
0.0 0.0 0.0 0.0 0.14285714285714285 0.0 0.0 0.0 0.0 0.0 0.0 0.0 0.0 0.0 0.0 0.0 0.0 0.0 0.0 0.0 0.0 0.0 0.0 0.0 0.0 0.0 0.0 0.0 0.0 0.0 0.0 0.0 0.0 0.0 0.0 0.0 0.0 0.0 0.0 0.0 0.07142857142857142 0.0 0.0 0.0 0.0 0.0 0.0 0.0 0.0 0.0 0.0 0.0 0.7857142857142857 0.0 0.0 0.0 0.0 0.0 0.0 0.0 0.0 0.0 0.0 
0.0 0.0 4.459796957607603E-5 0.0 2.513703739742467E-4 0.0 0.0 0.0 0.0 0.0 0.0 0.0 0.0 0.0 0.0 0.0 0.0 0.0 0.0 0.0 0.0 0.0 0.0 0.0 8.108721741104733E-6 0.0 0.0 0.0 0.0 0.0 0.0 0.0 0.0 0.0 0.0 0.0 0.0 0.0 0.0 0.0 0.0 0.0 0.0 0.0 0.0 0.0 0.0 0.0 0.0 0.0 0.0 0.0 0.0 0.0 0.0 0.0 0.0 0.0 0.0 0.0 0.9996959229347085 0.0 0.0 
0.0 0.0 0.375 0.625 0.0 0.0 0.0 0.0 0.0 0.0 0.0 0.0 0.0 0.0 0.0 0.0 0.0 0.0 0.0 0.0 0.0 0.0 0.0 0.0 0.0 0.0 0.0 0.0 0.0 0.0 0.0 0.0 0.0 0.0 0.0 0.0 0.0 0.0 0.0 0.0 0.0 0.0 0.0 0.0 0.0 0.0 0.0 0.0 0.0 0.0 0.0 0.0 0.0 0.0 0.0 0.0 0.0 0.0 0.0 0.0 0.0 0.0 0.0 
0.0 0.0 0.9948051948051948 0.0 0.0 0.0 0.0 0.0 0.0 0.0 0.0 0.0 0.0 0.0 0.0 0.0 0.0 0.0 0.0 0.005194805194805195 0.0 0.0 0.0 0.0 0.0 0.0 0.0 0.0 0.0 0.0 0.0 0.0 0.0 0.0 0.0 0.0 0.0 0.0 0.0 0.0 0.0 0.0 0.0 0.0 0.0 0.0 0.0 0.0 0.0 0.0 0.0 0.0 0.0 0.0 0.0 0.0 0.0 0.0 0.0 0.0 0.0 0.0 0.0 
