0 1.0
1 3.0485926800504486E-141
2 2.6596433494771543E-36
3 3.273775123208418E-25
4 2.3617141027846487E-261
5 8.664212284596113E-179
6 4.13736504135927E-93
7 1.2353202636066545E-89
8 1.176534195836846E-76
9 2.1515821549381503E-65
10 1.5316377459182292E-10
11 3.5630747616507466E-106
12 1.0638506416070448E-102
13 2.4678900260558414E-206
14 0.03125866370945384
15 1.5183148940425564E-98
16 0.0
17 1.0799562384128898E-78
18 3.555442287538969E-79
19 0.0
20 0.0
21 0.0
22 9.77381058179815E-95
23 7.595137271031757E-89
24 1.4904107190551183E-82
25 4.527083337795211E-82
26 1.0189579591267291E-19
27 3.853617321959737E-80
28 7.047326585085441E-83
29 2.5437820745970907E-92
30 5.584611104879037E-113
31 1.8704117009668405E-116
32 7.638346401226729E-84
33 1.6154031198635568E-83
34 1.2087655158430397E-98
35 0.0
36 0.0
37 0.0
38 3.0684993057662625E-119
39 9.16181998296838E-116
40 7.029469016512923E-234
41 1.7584287952928076E-133
42 1.389761970748343E-25
43 3.254981204217852E-101
44 2.642573793519227E-132
45 7.890106197005354E-129
46 2.0022543197796871E-261
47 3.853617321959737E-80
48 1.1705261204470546E-79
49 8.345036763765853E-113
50 8.876943700606027E-184
51 5.365892963815279E-299
52 6.798132628416879E-104
53 3.201928882981379E-87
54 1.4998533977884535E-23
55 7.528842725455222E-106
56 4.185647212251485E-83
57 4.865310820666984E-97
58 3.201928882981379E-87
59 1.1705261204470546E-79
60 0.0
61 9.500136828000845E-105
62 1.2686915913022423E-80
63 3.7375612687028E-194
64 1.7397468047101306E-158
65 4.906744465977136E-83
66 0.0
67 1.238366119451829E-89
68 4.176798626757451E-81
69 4.527083337795211E-82
70 4.2460034312940405E-95
71 6.242210416233597E-119
72 4.2460034312940405E-95
73 5.2021213290593495E-95
74 2.0441660785740814E-109
75 8.43393381864719E-101
76 1.8523532914960524E-94
77 4.176798626757451E-81
78 0.0
79 0.0
80 0.0
81 7.638346401226729E-84
82 5.491985040285723E-103
83 3.538646462370473E-247
84 8.41610422607501E-99
85 1.251793222262987E-197
86 1.3110814362025495E-108
87 1.2686915913022423E-80
88 5.402472217844359E-89
89 1.576790219632848E-92
90 2.2646697236776506E-92
91 1.4008347298309027E-97
92 2.5147037292644138E-84
93 2.2970064430860208E-31
94 1.04679570040449E-43
95 5.924628388148263E-66
96 1.8887975178227772E-294
97 6.791958164358256E-58
98 4.137247594529914E-190
99 5.538763998344784E-230
100 3.4002814728293516E-49
101 5.453186936542688E-79
102 1.00142311343935E-24
103 1.605852062955783E-294
104 5.323937100272338E-265
105 4.4832388258360006E-253
106 2.537175228915652E-190
107 4.231166530002695E-299
108 3.147482152489825E-144
109 1.786499228751396E-212
110 4.5445483057438676E-64
111 2.2043886054155926E-221
112 1.247188557996085E-18
113 6.520215628778723E-65
114 1.7958548210517886E-291
115 5.762259405316983E-195
116 1.468432509297866E-98
117 9.25298015489097E-50
118 4.332233260535446E-58
119 1.3547706231018967E-39
120 7.094391394110586E-70
121 4.137247594529914E-190
122 1.5623945632628684E-101
123 2.981325123230611E-65
124 1.0008562191706359E-36
125 6.676025810636558E-36
126 2.2843565259158554E-101
127 5.059388335611627E-68
128 3.3399276086807486E-101
129 4.493284568672691E-15
130 0.0
131 1.7191734927803374E-43
132 3.2703905453451245E-32
133 1.6532734928505633E-72
134 1.0258050175574872E-186
135 3.102127076587474E-51
136 1.5966616628330424E-40
137 3.267658703001606E-30
138 8.1763363277705E-62
139 0.0
140 1.1855438916772217E-49
141 6.180865221164912E-28
142 5.954506820810257E-43
143 1.2663409626531914E-126
144 7.913848260092804E-54
145 1.4369649919575658E-113
146 2.7693139289094275E-150
147 2.0748578467760114E-75
148 1.6824803908405014E-43
149 8.353822884027982E-56
150 2.4531658775971937E-201
151 1.1616301640025036E-33
152 2.823006326771582E-105
153 7.541970160795965E-218
154 1.3651997999448981E-46
155 2.0338202444907584E-44
156 0.0
157 9.089409518271754E-38
158 0.0
159 9.758280636833872E-162
160 3.4952375408608423E-23
161 2.394501096173242E-98
162 1.932847748288504E-183
163 1.1148455463364816E-303
164 9.62266262920884E-280
165 1.3870814704531134E-267
166 1.9301996238537092E-144
167 2.130041185871934E-43
168 6.344185967157667E-34
169 4.248645710341149E-53
170 4.405690059177798E-64
171 7.884504343979125E-38
172 4.221412484232069E-41
173 4.216502156272531E-53
174 2.73810984958426E-35
175 1.944711876999673E-108
176 9.986371291034009E-308
177 6.581170283662367E-33
178 0.0
179 6.3116914380506295E-183
180 6.967538692411084E-195
181 6.079729027367072E-254
182 0.0
183 3.1749067629348987E-291
184 1.2026599663768013E-162
185 1.499728210620745E-231
186 2.7817537151180982E-151
187 0.0
188 8.867900214522517E-236
189 1.7172079414107228E-247
190 6.058176773931637E-301
191 0.0
192 0.0
193 0.0
194 1.8570163830784185E-51
195 2.6500247744244705E-136
196 3.5926388789058454E-104
197 6.162466962029107E-56
198 4.8709254641273856E-55
199 1.8866591030916092E-24
200 4.256136235757598E-48
201 0.0
202 0.0
203 0.0
204 2.660529981359947E-16
205 7.512309772703709E-136
206 1.1594704604499628E-138
207 4.12728914E-315
208 8.955877855495241E-79
209 2.5659518064391507E-101
210 4.8832641948285805E-101
211 8.309134545455788E-68
212 3.751644361833753E-101
213 0.0
214 1.2337616428684647E-135
215 2.0482826864662247E-18
216 5.485229840388574E-101
217 5.2636777511399877E-228
218 0.0
219 2.714625575771678E-41
220 3.058338173136975E-45
221 1.9254021245854927E-94
222 9.62227890684319E-100
223 5.132445254788226E-144
224 3.032575206808862E-156
225 0.0
226 1.653254871398657E-67
227 5.171338825580549E-163
228 2.5406170785248845E-195
229 9.096640704494203E-13
230 7.466357993715164E-173
231 6.886489850975868E-139
232 7.567903252073627E-50
233 1.888998963862744E-46
234 2.584623489548387E-6
235 2.9490448050736593E-87
236 8.708616117474845E-36
237 3.4992384268387153E-299
238 5.991858419827661E-262
239 2.765931E-317
240 2.2707632027711487E-111
241 0.0
242 7.426682001440107E-176
243 1.3864052721733506E-69
244 6.089673375070746E-42
245 0.0
246 4.8985681421435585E-67
247 5.774435534870534E-16
248 6.671504217572308E-144
249 0.0
250 6.280215566850715E-69
251 2.1278584594827918E-106
252 0.0
253 0.0
254 2.0540358898086036E-150
255 5.679728559242036E-150
256 2.2306385982308744E-48
257 2.3459501058102386E-10
258 4.6770353148784793E-119
259 0.0
260 7.3E-322
261 1.084058443522117E-58
262 2.5867952548511107E-282
263 0.0
264 6.9559022240107745E-6
265 0.0
266 3.677346187401712E-76
267 0.0
268 3.2041428480333285E-55
269 1.925995925726067E-230
270 5.610913443501986E-117
271 4.837294552379101E-214
272 6.746407368070909E-190
273 0.0
274 2.3420236085992345E-33
275 1.094387436326236E-41
276 1.2592386190238415E-16
277 1.502381332908914E-53
278 8.250208508160053E-49
279 1.103716394274143E-33
280 4.830328064136697E-273
281 1.2286798199504084E-45
282 0.0
283 7.411117395094679E-37
284 0.0
285 8.484600714945932E-55
286 8.182861930996582E-29
287 5.7743150661271615E-34
288 5.5445543520239795E-216
289 1.1377761592239121E-37
290 0.0
291 5.336823641400912E-104
292 1.668582544217327E-291
293 1.873176469560308E-39
294 3.381600295542173E-34
295 9.663590368533472E-292
296 1.9425797615867468E-63
297 2.143819644825257E-71
298 1.9139097629650342E-56
299 0.0
300 2.9594657805656205E-106
301 1.169197427520427E-5
302 1.5482335147895327E-88
303 5.046668013262778E-113
304 9.100688827135221E-111
305 2.79856377026649E-115
306 6.742361548064032E-98
307 1.5519069524021783E-117
308 2.929190027151523E-110
309 1.871483818718145E-91
310 2.932101339901956E-100
311 9.525474186395022E-106
312 2.646409776953504E-124
313 8.138006544052394E-129
314 8.605897119453087E-120
315 1.467531944561748E-126
316 4.772287740316655E-122
317 2.3664692302056513E-142
318 1.3122945741030113E-144
319 2.502528183193122E-133
320 1.3877442877458453E-135
321 4.267469155191776E-140
322 4.512825138591255E-131
323 7.69555452404112E-138
324 2.237807611966446E-151
325 7.277158000784772E-147
326 4.035452833033573E-149
327 1.2409469557374222E-153
328 1.1734784074730877E-162
329 8.254440206280053E-5
330 3.816050913414714E-158
331 2.1161411457438565E-160
332 6.881509110610115E-156
333 2.1942887301473866E-20
334 2.6255427570338696E-143
335 1.721177895383222E-13
336 5.91238114555667E-137
337 1.1817573555404212E-143
338 1.6858021656276367E-142
339 5.595830902544525E-143
340 6.507371096560384E-165
341 9.79627370147404E-133
342 3.608577568933295E-167
343 1.1096780297005307E-171
344 2.0010895149181684E-169
345 1.2294726485972528E-147
346 2.413164424051996E-143
347 1.227785563370354E-122
348 4.723466561914876E-126
349 7.978989908108222E-24
350 3.649913226581417E-135
351 1.8922930801517195E-178
352 6.1535744424227225E-174
353 3.412384259662882E-176
354 2.5519080936219546E-134
355 1.0493463891267146E-180
356 5.819013216943057E-183
357 5.980049999709956E-133
358 1.2988696150468498E-148
359 3.9206938600590333E-159
360 8.477444497462102E-10
361 3.974713913743915E-273
362 1.2557858629699895E-278
363 1.2925427996383905E-268
364 1.2056572858915589E-163
365 6.224062617224355E-142
366 1.7827265095707747E-133
367 1.8241264303498607E-7
368 5.332127687952793E-24
369 7.677338780246029E-109
370 2.769934067169863E-119
371 1.5375573809378233E-111
372 1.611086089169691E-120
373 3.6682094209416433E-137
374 1.5825291954674776E-118
375 8.775708765041077E-121
376 1.1454638639708504E-10
377 2.2634413270698598E-119
378 1.6243440354445452E-112
379 9.016540106428938E-105
380 3.675580877660135E-9
381 5.3479486163252917E-107
382 4.3379892103246956E-110
383 6.7446830844361E-7
384 9.16218842562836E-4
385 1.9475062629073223E-109
386 5.381860196598817E-110
387 6.998050031046885E-107
388 2.2996934043786173E-92
389 4.5021430667197864E-102
390 1.0500860857091368E-10
391 1.0883203880793467E-103
392 4.2222086904264146E-109
393 5.225084276122358E-87
394 9.981003539754069E-5
395 1.2614536412114498E-123
396 3.321010713212192E-116
397 4.543317311378309E-104
398 5.540333662210919E-107
399 2.6219399811583505E-118
400 4.608464284387177E-28
401 9.280263707507283E-112
402 9.119659837196536E-114
403 7.397413253901711E-117
404 3.5950959164691016E-113
405 1.1933517014731979E-113
406 2.4504767327360543E-25
407 1.9392642890727542E-105
408 1.9079681674470748E-129
409 3.0636049123362153E-32
410 5.701349853784438E-125
411 5.599161180821742E-114
412 1.3091883103931165E-115
413 3.8597631438189337E-126
414 1.5551420088871845E-120
415 1.1908832002109757E-32
416 4.297576360650167E-121
417 6.1305846769374205E-120
418 1.1371328742137365E-129
419 5.17063243435736E-29
420 7.4115028871641E-131
421 9.177488006242934E-117
422 0.0
423 0.0
424 0.0
425 2.1601773930556277E-212
426 6.052300309875419E-254
427 1.441559644576825E-266
428 6.991265303259854E-81
429 6.746407368070909E-190
430 7.5803375295529485E-174
431 1.6473294535514198E-78
432 4.7316097338984274E-39
433 0.0
434 0.0
435 6.746407368070909E-190
436 9.149442215374825E-117
437 4.976683110307127E-299
438 3.147482152489825E-144
439 1.0156125691317607E-105
440 0.0
441 9.644218848801209E-70
442 0.0
443 1.5865836E-317
444 0.0
445 0.0
446 0.0
447 8.919728441487795E-194
448 6.830975279167161E-37
449 1.906922070755771E-38
450 1.7546794714766865E-67
451 2.3055226383726635E-35
452 2.815475403165568E-41
453 2.416803225340264E-36
454 1.669974429358168E-28
455 9.005473590484975E-41
456 5.474704106630156E-32
457 2.7047738855434685E-36
458 1.9867046858182394E-67
459 2.6764422136881926E-36
460 1.1391565851188123E-7
461 4.2648342044688984E-36
462 2.0498296083754834E-46
463 4.020150915629515E-32
464 2.3287180831767153E-31
465 4.4620625151207665E-31
466 1.8404128622578814E-40
467 4.000507900297394E-35
468 3.7788808994116097E-13
469 1.0200421406968916E-64
470 1.573763652933077E-6
471 5.415834970858482E-35
472 2.165991736747346E-21
473 0.0
474 3.3734188096757177E-31
475 1.6093205916160562E-253
476 6.6972952364816115E-230
477 1.1001036639948288E-189
478 6.123063826521593E-160
479 1.651237264399164E-142
480 4.0901207995578995E-139
481 3.858163788002412E-169
482 6.032068852478735E-106
483 0.0
484 1.599013258494491E-15
485 1.414988278249514E-267
486 5.610852288206872E-150
487 2.210410528233213E-50
488 1.7536448427727175E-286
489 0.0
490 1.2403704255497753E-186
491 1.591235111842997E-161
492 0.0
493 0.0
494 3.4089054713310505E-292
495 2.0317641073983207E-61
496 1.9156439617462145E-47
497 1.4316056011745703E-245
498 0.0
499 7.059265996321801E-44
500 4.4570767186677713E-66
501 3.758939630197106E-35
502 9.38832695224878E-221
503 1.4063321481650266E-49
504 0.0
505 0.0
506 3.755987774326945E-182
507 1.30055711890156E-40
508 0.0
509 2.6542023448522525E-40
510 3.785343707729751E-51
511 9.63599391348062E-198
512 2.730052714426043E-234
513 0.0
514 2.8870157161774456E-225
515 4.555702826671293E-207
516 3.2207861609223967E-49
517 0.0
518 0.0
519 0.0
520 3.76749291599244E-287
521 0.0
522 0.0
523 0.0
524 0.0
525 6.77319686629719E-180
526 7.960914980353401E-21
527 5.984284803577309E-162
528 0.0
529 0.0
